Date : 2022-11-06 12:17:00
Directory : /Users/user/init/myApp/10k1day/202211/1101-1110
Total : 436 files,  -10834 codes, -3210 comments, -2014 blanks, all -16058 lines

Languages
+------------+------------+------------+------------+------------+------------+
| language   | files      | code       | comment    | blank      | total      |
+------------+------------+------------+------------+------------+------------+
| TypeScript |          4 |        577 |         81 |         85 |        743 |
| JavaScript |         14 |        572 |       -459 |        258 |        371 |
| Markdown   |          9 |         16 |          0 |         -1 |         15 |
| Solidity   |        409 |    -11,999 |     -2,832 |     -2,356 |    -17,187 |
+------------+------------+------------+------------+------------+------------+

Directories
+-----------------------------------------------------------------------------------------+------------+------------+------------+------------+------------+
| path                                                                                    | files      | code       | comment    | blank      | total      |
+-----------------------------------------------------------------------------------------+------------+------------+------------+------------+------------+
| .                                                                                       |        436 |    -10,834 |     -3,210 |     -2,014 |    -16,058 |
| ..                                                                                      |        337 |    -12,699 |     -3,378 |     -2,477 |    -18,554 |
| ../..                                                                                   |        337 |    -12,699 |     -3,378 |     -2,477 |    -18,554 |
| ../../..                                                                                |        337 |    -12,699 |     -3,378 |     -2,477 |    -18,554 |
| ../../../..                                                                             |        337 |    -12,699 |     -3,378 |     -2,477 |    -18,554 |
| ../../../../10k1day                                                                     |        337 |    -12,699 |     -3,378 |     -2,477 |    -18,554 |
| ../../../../10k1day/202210                                                              |        337 |    -12,699 |     -3,378 |     -2,477 |    -18,554 |
| ../../../../10k1day/202210/1021-1031                                                    |        337 |    -12,699 |     -3,378 |     -2,477 |    -18,554 |
| ../../../../10k1day/202210/1021-1031/1021                                               |          4 |       -217 |       -207 |         -6 |       -430 |
| ../../../../10k1day/202210/1021-1031/1022                                               |          4 |       -143 |       -175 |         -5 |       -323 |
| ../../../../10k1day/202210/1021-1031/1023                                               |          4 |       -106 |        -99 |         -3 |       -208 |
| ../../../../10k1day/202210/1021-1031/1024                                               |          5 |       -233 |       -225 |         -5 |       -463 |
| ../../../../10k1day/202210/1021-1031/1025                                               |         43 |     -2,050 |        -43 |       -547 |     -2,640 |
| ../../../../10k1day/202210/1021-1031/1025/1000                                          |          2 |        -54 |         -8 |        -14 |        -76 |
| ../../../../10k1day/202210/1021-1031/1025/1100                                          |          5 |       -232 |          0 |        -60 |       -292 |
| ../../../../10k1day/202210/1021-1031/1025/1200                                          |          7 |       -246 |          0 |        -66 |       -312 |
| ../../../../10k1day/202210/1021-1031/1025/1300                                          |          7 |       -357 |          0 |        -91 |       -448 |
| ../../../../10k1day/202210/1021-1031/1025/1400                                          |          4 |       -221 |          0 |        -67 |       -288 |
| ../../../../10k1day/202210/1021-1031/1025/1500                                          |          3 |       -131 |          0 |        -36 |       -167 |
| ../../../../10k1day/202210/1021-1031/1025/1600                                          |          2 |       -118 |          0 |        -41 |       -159 |
| ../../../../10k1day/202210/1021-1031/1025/1700                                          |          2 |       -161 |          0 |        -39 |       -200 |
| ../../../../10k1day/202210/1021-1031/1025/1800                                          |          3 |       -301 |         -8 |        -61 |       -370 |
| ../../../../10k1day/202210/1021-1031/1025/1900                                          |          1 |        -20 |          0 |        -10 |        -30 |
| ../../../../10k1day/202210/1021-1031/1025/2000                                          |          1 |        -38 |        -17 |        -12 |        -67 |
| ../../../../10k1day/202210/1021-1031/1025/2100                                          |          1 |        -12 |         -8 |         -6 |        -26 |
| ../../../../10k1day/202210/1021-1031/1025/2200                                          |          1 |        -15 |         -1 |         -1 |        -17 |
| ../../../../10k1day/202210/1021-1031/1025/2300                                          |          1 |          0 |          0 |         -1 |         -1 |
| ../../../../10k1day/202210/1021-1031/1025/900                                           |          3 |       -144 |         -1 |        -42 |       -187 |
| ../../../../10k1day/202210/1021-1031/1026                                               |         35 |     -1,281 |        -90 |       -342 |     -1,713 |
| ../../../../10k1day/202210/1021-1031/1026/1000                                          |          5 |       -134 |          0 |        -40 |       -174 |
| ../../../../10k1day/202210/1021-1031/1026/1100                                          |          2 |        -49 |          0 |        -17 |        -66 |
| ../../../../10k1day/202210/1021-1031/1026/1200                                          |          2 |        -44 |         -1 |        -14 |        -59 |
| ../../../../10k1day/202210/1021-1031/1026/1300                                          |          2 |       -129 |          0 |        -36 |       -165 |
| ../../../../10k1day/202210/1021-1031/1026/1400                                          |          3 |        -70 |         -5 |        -31 |       -106 |
| ../../../../10k1day/202210/1021-1031/1026/1500                                          |          5 |        -94 |          0 |        -18 |       -112 |
| ../../../../10k1day/202210/1021-1031/1026/1600                                          |          4 |       -142 |        -24 |        -67 |       -233 |
| ../../../../10k1day/202210/1021-1031/1026/1700                                          |          2 |       -238 |         -1 |        -21 |       -260 |
| ../../../../10k1day/202210/1021-1031/1026/1800                                          |          3 |        -67 |          0 |        -12 |        -79 |
| ../../../../10k1day/202210/1021-1031/1026/1900                                          |          1 |        -82 |          0 |        -13 |        -95 |
| ../../../../10k1day/202210/1021-1031/1026/2000                                          |          1 |       -149 |        -33 |        -36 |       -218 |
| ../../../../10k1day/202210/1021-1031/1026/2100                                          |          2 |        -40 |         -2 |        -26 |        -68 |
| ../../../../10k1day/202210/1021-1031/1026/2200                                          |          1 |          0 |          0 |         -1 |         -1 |
| ../../../../10k1day/202210/1021-1031/1026/900                                           |          1 |        -27 |        -24 |        -10 |        -61 |
| ../../../../10k1day/202210/1021-1031/1027                                               |         62 |     -1,945 |       -754 |       -373 |     -3,072 |
| ../../../../10k1day/202210/1021-1031/1027/1000                                          |          1 |        -11 |        -15 |         -5 |        -31 |
| ../../../../10k1day/202210/1021-1031/1027/1100                                          |          3 |       -184 |        -33 |        -51 |       -268 |
| ../../../../10k1day/202210/1021-1031/1027/1200                                          |          5 |        -64 |        -56 |        -13 |       -133 |
| ../../../../10k1day/202210/1021-1031/1027/1300                                          |          4 |        -94 |        -56 |        -16 |       -166 |
| ../../../../10k1day/202210/1021-1031/1027/1400                                          |          6 |       -255 |       -121 |        -31 |       -407 |
| ../../../../10k1day/202210/1021-1031/1027/1500                                          |          6 |       -152 |        -96 |        -26 |       -274 |
| ../../../../10k1day/202210/1021-1031/1027/1600                                          |          8 |       -354 |       -161 |        -60 |       -575 |
| ../../../../10k1day/202210/1021-1031/1027/1700                                          |          6 |       -243 |        -65 |        -48 |       -356 |
| ../../../../10k1day/202210/1021-1031/1027/1800                                          |          5 |       -271 |        -46 |        -54 |       -371 |
| ../../../../10k1day/202210/1021-1031/1027/1900                                          |          6 |       -193 |        -56 |        -42 |       -291 |
| ../../../../10k1day/202210/1021-1031/1027/2000                                          |          4 |        -21 |        -18 |         -6 |        -45 |
| ../../../../10k1day/202210/1021-1031/1027/2100                                          |          2 |        -11 |        -14 |         -6 |        -31 |
| ../../../../10k1day/202210/1021-1031/1027/2200                                          |          2 |        -19 |         -2 |         -7 |        -28 |
| ../../../../10k1day/202210/1021-1031/1027/2300                                          |          2 |        -20 |         -5 |         -5 |        -30 |
| ../../../../10k1day/202210/1021-1031/1027/900                                           |          1 |        -37 |        -10 |         -2 |        -49 |
| ../../../../10k1day/202210/1021-1031/1028                                               |         89 |     -3,652 |     -1,055 |       -593 |     -5,300 |
| ../../../../10k1day/202210/1021-1031/1028/1000                                          |          2 |        -25 |        -22 |         -3 |        -50 |
| ../../../../10k1day/202210/1021-1031/1028/1100                                          |         12 |       -244 |       -168 |        -26 |       -438 |
| ../../../../10k1day/202210/1021-1031/1028/1200                                          |         10 |       -183 |       -156 |        -20 |       -359 |
| ../../../../10k1day/202210/1021-1031/1028/1300                                          |          5 |       -313 |       -163 |        -37 |       -513 |
| ../../../../10k1day/202210/1021-1031/1028/1400                                          |          9 |       -554 |        -91 |       -104 |       -749 |
| ../../../../10k1day/202210/1021-1031/1028/1500                                          |         12 |       -330 |       -119 |        -70 |       -519 |
| ../../../../10k1day/202210/1021-1031/1028/1600                                          |          6 |       -537 |        -99 |        -78 |       -714 |
| ../../../../10k1day/202210/1021-1031/1028/1700                                          |          7 |       -347 |        -74 |        -81 |       -502 |
| ../../../../10k1day/202210/1021-1031/1028/1800                                          |          5 |       -319 |        -56 |        -53 |       -428 |
| ../../../../10k1day/202210/1021-1031/1028/1900                                          |          6 |       -359 |        -42 |        -51 |       -452 |
| ../../../../10k1day/202210/1021-1031/1028/2000                                          |          4 |       -224 |        -30 |        -24 |       -278 |
| ../../../../10k1day/202210/1021-1031/1028/2100                                          |          2 |        -57 |        -14 |         -9 |        -80 |
| ../../../../10k1day/202210/1021-1031/1028/2200                                          |          3 |       -126 |        -21 |        -23 |       -170 |
| ../../../../10k1day/202210/1021-1031/1028/2300                                          |          1 |          0 |          0 |         -1 |         -1 |
| ../../../../10k1day/202210/1021-1031/1028/800                                           |          2 |         -6 |          0 |         -5 |        -11 |
| ../../../../10k1day/202210/1021-1031/1028/900                                           |          2 |        -12 |          0 |         -8 |        -20 |
| ../../../../10k1day/202210/1021-1031/1029                                               |         91 |     -3,072 |       -730 |       -603 |     -4,405 |
| ../../../../10k1day/202210/1021-1031/1029/1000                                          |          2 |        -14 |        -14 |        -10 |        -38 |
| ../../../../10k1day/202210/1021-1031/1029/1100                                          |          8 |       -324 |        -45 |        -83 |       -452 |
| ../../../../10k1day/202210/1021-1031/1029/1200                                          |         14 |       -238 |       -124 |        -48 |       -410 |
| ../../../../10k1day/202210/1021-1031/1029/1300                                          |         10 |       -182 |        -95 |        -49 |       -326 |
| ../../../../10k1day/202210/1021-1031/1029/1400                                          |          9 |       -309 |        -86 |        -29 |       -424 |
| ../../../../10k1day/202210/1021-1031/1029/1500                                          |          6 |       -394 |        -67 |        -77 |       -538 |
| ../../../../10k1day/202210/1021-1031/1029/1600                                          |         12 |       -378 |        -96 |        -79 |       -553 |
| ../../../../10k1day/202210/1021-1031/1029/1700                                          |          6 |       -214 |        -43 |        -34 |       -291 |
| ../../../../10k1day/202210/1021-1031/1029/1800                                          |          7 |       -487 |        -83 |        -81 |       -651 |
| ../../../../10k1day/202210/1021-1031/1029/1900                                          |          8 |       -494 |        -61 |        -94 |       -649 |
| ../../../../10k1day/202210/1021-1031/1029/2000                                          |          2 |         -8 |         -2 |         -5 |        -15 |
| ../../../../10k1day/202210/1021-1031/1029/2100                                          |          1 |          0 |          0 |         -1 |         -1 |
| ../../../../10k1day/202210/1021-1031/1029/2200                                          |          1 |          0 |          0 |         -1 |         -1 |
| ../../../../10k1day/202210/1021-1031/1029/2300                                          |          1 |          0 |          0 |         -1 |         -1 |
| ../../../../10k1day/202210/1021-1031/1029/800                                           |          1 |          0 |          0 |         -1 |         -1 |
| ../../../../10k1day/202210/1021-1031/1029/900                                           |          2 |        -14 |        -14 |        -10 |        -38 |
| 1101                                                                                    |         27 |      1,770 |        153 |        386 |      2,309 |
| 1101/1000                                                                               |          2 |         47 |         10 |         12 |         69 |
| 1101/1100                                                                               |          3 |        190 |         51 |         32 |        273 |
| 1101/1200                                                                               |          2 |        340 |         20 |         44 |        404 |
| 1101/1300                                                                               |          2 |        396 |         54 |        133 |        583 |
| 1101/1400                                                                               |          3 |        645 |         15 |        130 |        790 |
| 1101/1500                                                                               |          2 |         54 |          0 |         11 |         65 |
| 1101/1600                                                                               |          2 |         42 |          1 |          9 |         52 |
| 1101/1700                                                                               |          2 |         40 |          2 |          7 |         49 |
| 1101/1800                                                                               |          1 |          0 |          0 |          1 |          1 |
| 1101/1900                                                                               |          1 |          0 |          0 |          1 |          1 |
| 1101/2000                                                                               |          1 |          0 |          0 |          1 |          1 |
| 1101/2100                                                                               |          1 |          0 |          0 |          1 |          1 |
| 1101/2200                                                                               |          1 |          0 |          0 |          1 |          1 |
| 1101/2300                                                                               |          1 |          0 |          0 |          1 |          1 |
| 1101/800                                                                                |          1 |          0 |          0 |          1 |          1 |
| 1101/900                                                                                |          1 |          0 |          0 |          1 |          1 |
| 1102                                                                                    |         20 |         47 |         15 |         28 |         90 |
| 1102/1000                                                                               |          2 |         11 |          3 |          7 |         21 |
| 1102/1100                                                                               |          1 |          0 |          0 |          1 |          1 |
| 1102/1200                                                                               |          1 |          0 |          0 |          1 |          1 |
| 1102/1300                                                                               |          1 |          0 |          0 |          1 |          1 |
| 1102/1400                                                                               |          1 |          0 |          0 |          1 |          1 |
| 1102/1500                                                                               |          1 |          0 |          0 |          1 |          1 |
| 1102/1600                                                                               |          1 |          0 |          0 |          1 |          1 |
| 1102/1700                                                                               |          1 |          0 |          0 |          1 |          1 |
| 1102/1800                                                                               |          1 |          0 |          0 |          1 |          1 |
| 1102/1900                                                                               |          1 |          0 |          0 |          1 |          1 |
| 1102/2000                                                                               |          1 |          0 |          0 |          1 |          1 |
| 1102/2100                                                                               |          1 |          0 |          0 |          1 |          1 |
| 1102/2200                                                                               |          1 |          0 |          0 |          1 |          1 |
| 1102/2300                                                                               |          1 |          0 |          0 |          1 |          1 |
| 1102/800                                                                                |          2 |         10 |          6 |          4 |         20 |
| 1102/900                                                                                |          2 |         10 |          6 |          4 |         20 |
| 1103                                                                                    |         17 |         16 |          0 |         16 |         32 |
| 1103/1000                                                                               |          1 |          0 |          0 |          1 |          1 |
| 1103/1100                                                                               |          1 |          0 |          0 |          1 |          1 |
| 1103/1200                                                                               |          1 |          0 |          0 |          1 |          1 |
| 1103/1300                                                                               |          1 |          0 |          0 |          1 |          1 |
| 1103/1400                                                                               |          1 |          0 |          0 |          1 |          1 |
| 1103/1500                                                                               |          1 |          0 |          0 |          1 |          1 |
| 1103/1600                                                                               |          1 |          0 |          0 |          1 |          1 |
| 1103/1700                                                                               |          1 |          0 |          0 |          1 |          1 |
| 1103/1800                                                                               |          1 |          0 |          0 |          1 |          1 |
| 1103/1900                                                                               |          1 |          0 |          0 |          1 |          1 |
| 1103/2000                                                                               |          1 |          0 |          0 |          1 |          1 |
| 1103/2100                                                                               |          1 |          0 |          0 |          1 |          1 |
| 1103/2200                                                                               |          1 |          0 |          0 |          1 |          1 |
| 1103/2300                                                                               |          1 |          0 |          0 |          1 |          1 |
| 1103/800                                                                                |          1 |          0 |          0 |          1 |          1 |
| 1103/900                                                                                |          1 |          0 |          0 |          1 |          1 |
| 1104                                                                                    |         17 |         16 |          0 |         16 |         32 |
| 1104/1000                                                                               |          1 |          0 |          0 |          1 |          1 |
| 1104/1100                                                                               |          1 |          0 |          0 |          1 |          1 |
| 1104/1200                                                                               |          1 |          0 |          0 |          1 |          1 |
| 1104/1300                                                                               |          1 |          0 |          0 |          1 |          1 |
| 1104/1400                                                                               |          1 |          0 |          0 |          1 |          1 |
| 1104/1500                                                                               |          1 |          0 |          0 |          1 |          1 |
| 1104/1600                                                                               |          1 |          0 |          0 |          1 |          1 |
| 1104/1700                                                                               |          1 |          0 |          0 |          1 |          1 |
| 1104/1800                                                                               |          1 |          0 |          0 |          1 |          1 |
| 1104/1900                                                                               |          1 |          0 |          0 |          1 |          1 |
| 1104/2000                                                                               |          1 |          0 |          0 |          1 |          1 |
| 1104/2100                                                                               |          1 |          0 |          0 |          1 |          1 |
| 1104/2200                                                                               |          1 |          0 |          0 |          1 |          1 |
| 1104/2300                                                                               |          1 |          0 |          0 |          1 |          1 |
| 1104/800                                                                                |          1 |          0 |          0 |          1 |          1 |
| 1104/900                                                                                |          1 |          0 |          0 |          1 |          1 |
| 1105                                                                                    |         18 |         16 |          0 |         17 |         33 |
| 1105/1000                                                                               |          1 |          0 |          0 |          1 |          1 |
| 1105/1100                                                                               |          1 |          0 |          0 |          1 |          1 |
| 1105/1200                                                                               |          1 |          0 |          0 |          1 |          1 |
| 1105/1300                                                                               |          1 |          0 |          0 |          1 |          1 |
| 1105/1400                                                                               |          1 |          0 |          0 |          1 |          1 |
| 1105/1500                                                                               |          1 |          0 |          0 |          1 |          1 |
| 1105/1600                                                                               |          1 |          0 |          0 |          1 |          1 |
| 1105/1700                                                                               |          1 |          0 |          0 |          1 |          1 |
| 1105/1800                                                                               |          1 |          0 |          0 |          1 |          1 |
| 1105/1900                                                                               |          1 |          0 |          0 |          1 |          1 |
| 1105/2000                                                                               |          1 |          0 |          0 |          1 |          1 |
| 1105/2100                                                                               |          1 |          0 |          0 |          1 |          1 |
| 1105/2200                                                                               |          1 |          0 |          0 |          1 |          1 |
| 1105/2300                                                                               |          1 |          0 |          0 |          1 |          1 |
| 1105/700                                                                                |          1 |          0 |          0 |          1 |          1 |
| 1105/800                                                                                |          1 |          0 |          0 |          1 |          1 |
| 1105/900                                                                                |          1 |          0 |          0 |          1 |          1 |
+-----------------------------------------------------------------------------------------+------------+------------+------------+------------+------------+

Files
+-----------------------------------------------------------------------------------------+------------+------------+------------+------------+------------+
| filename                                                                                | language   | code       | comment    | blank      | total      |
+-----------------------------------------------------------------------------------------+------------+------------+------------+------------+------------+
| /Users/user/init/10k1day/202210/1021-1031/1021/chai.js                                  | JavaScript |        -48 |        -49 |         -2 |        -99 |
| /Users/user/init/10k1day/202210/1021-1031/1021/ethers.js                                | JavaScript |       -135 |       -136 |         -3 |       -274 |
| /Users/user/init/10k1day/202210/1021-1031/1021/metamask.js                              | JavaScript |        -17 |         -9 |          0 |        -26 |
| /Users/user/init/10k1day/202210/1021-1031/1021/open.sol                                 | Solidity   |        -17 |        -13 |         -1 |        -31 |
| /Users/user/init/10k1day/202210/1021-1031/1022/cypress.js                               | JavaScript |         -8 |        -18 |         -1 |        -27 |
| /Users/user/init/10k1day/202210/1021-1031/1022/erc.sol                                  | Solidity   |          0 |         -3 |         -1 |         -4 |
| /Users/user/init/10k1day/202210/1021-1031/1022/ethers.js                                | JavaScript |       -124 |       -143 |         -2 |       -269 |
| /Users/user/init/10k1day/202210/1021-1031/1022/open.sol                                 | Solidity   |        -11 |        -11 |         -1 |        -23 |
| /Users/user/init/10k1day/202210/1021-1031/1023/ethers.js                                | JavaScript |        -90 |        -78 |         -1 |       -169 |
| /Users/user/init/10k1day/202210/1021-1031/1023/open.sol                                 | Solidity   |         -1 |         -2 |          0 |         -3 |
| /Users/user/init/10k1day/202210/1021-1031/1023/sol.sol                                  | Solidity   |         -1 |         -1 |         -1 |         -3 |
| /Users/user/init/10k1day/202210/1021-1031/1023/web3.js                                  | JavaScript |        -14 |        -18 |         -1 |        -33 |
| /Users/user/init/10k1day/202210/1021-1031/1024/chai.js                                  | JavaScript |          0 |          0 |         -1 |         -1 |
| /Users/user/init/10k1day/202210/1021-1031/1024/ethers.js                                | JavaScript |          0 |          0 |         -1 |         -1 |
| /Users/user/init/10k1day/202210/1021-1031/1024/open.sol                                 | Solidity   |        -54 |        -49 |         -1 |       -104 |
| /Users/user/init/10k1day/202210/1021-1031/1024/sol.sol                                  | Solidity   |        -92 |        -99 |         -1 |       -192 |
| /Users/user/init/10k1day/202210/1021-1031/1024/web3.js                                  | JavaScript |        -87 |        -77 |         -1 |       -165 |
| /Users/user/init/10k1day/202210/1021-1031/1025/1000/StableSwap.sol                      | Solidity   |        -40 |         -1 |        -10 |        -51 |
| /Users/user/init/10k1day/202210/1021-1031/1025/1000/swap.sol                            | Solidity   |        -14 |         -7 |         -4 |        -25 |
| /Users/user/init/10k1day/202210/1021-1031/1025/1100/Chainlink.sol                       | Solidity   |        -43 |          0 |        -11 |        -54 |
| /Users/user/init/10k1day/202210/1021-1031/1025/1100/CrowdFound.sol                      | Solidity   |        -92 |          0 |        -23 |       -115 |
| /Users/user/init/10k1day/202210/1021-1031/1025/1100/DutchAuction.sol                    | Solidity   |        -46 |          0 |         -9 |        -55 |
| /Users/user/init/10k1day/202210/1021-1031/1025/1100/EnglishAuction.sol                  | Solidity   |        -15 |          0 |         -6 |        -21 |
| /Users/user/init/10k1day/202210/1021-1031/1025/1100/Proxy.sol                           | Solidity   |        -36 |          0 |        -11 |        -47 |
| /Users/user/init/10k1day/202210/1021-1031/1025/1200/Bitwise.sol                         | Solidity   |        -27 |          0 |        -11 |        -38 |
| /Users/user/init/10k1day/202210/1021-1031/1025/1200/CSAMM.sol                           | Solidity   |        -68 |          0 |        -10 |        -78 |
| /Users/user/init/10k1day/202210/1021-1031/1025/1200/ContractSize.sol                    | Solidity   |        -31 |          0 |         -7 |        -38 |
| /Users/user/init/10k1day/202210/1021-1031/1025/1200/ExternalContract.sol                | Solidity   |        -20 |          0 |         -8 |        -28 |
| /Users/user/init/10k1day/202210/1021-1031/1025/1200/HoneyPot.sol                        | Solidity   |        -46 |          0 |        -14 |        -60 |
| /Users/user/init/10k1day/202210/1021-1031/1025/1200/Overflow.sol                        | Solidity   |        -30 |          0 |        -10 |        -40 |
| /Users/user/init/10k1day/202210/1021-1031/1025/1200/Randomness.sol                      | Solidity   |        -24 |          0 |         -6 |        -30 |
| /Users/user/init/10k1day/202210/1021-1031/1025/1300/DataLocations.sol                   | Solidity   |        -31 |          0 |         -6 |        -37 |
| /Users/user/init/10k1day/202210/1021-1031/1025/1300/FunctionModifier.sol                | Solidity   |        -35 |          0 |        -10 |        -45 |
| /Users/user/init/10k1day/202210/1021-1031/1025/1300/Library.sol                         | Solidity   |        -36 |          0 |        -14 |        -50 |
| /Users/user/init/10k1day/202210/1021-1031/1025/1300/MerkleTree.sol                      | Solidity   |        -47 |          0 |         -9 |        -56 |
| /Users/user/init/10k1day/202210/1021-1031/1025/1300/MultiDelegatecall.sol               | Solidity   |        -64 |          0 |        -17 |        -81 |
| /Users/user/init/10k1day/202210/1021-1031/1025/1300/MultiSigWallet.sol                  | Solidity   |       -113 |          0 |        -27 |       -140 |
| /Users/user/init/10k1day/202210/1021-1031/1025/1300/Vault.sol                           | Solidity   |        -31 |          0 |         -8 |        -39 |
| /Users/user/init/10k1day/202210/1021-1031/1025/1400/Create2.sol                         | Solidity   |        -27 |          0 |         -7 |        -34 |
| /Users/user/init/10k1day/202210/1021-1031/1025/1400/SendingEther.sol                    | Solidity   |        -19 |          0 |         -5 |        -24 |
| /Users/user/init/10k1day/202210/1021-1031/1025/1400/Super.sol                           | Solidity   |        -34 |          0 |        -11 |        -45 |
| /Users/user/init/10k1day/202210/1021-1031/1025/1400/UpgradeableProxy.sol                | Solidity   |       -141 |          0 |        -44 |       -185 |
| /Users/user/init/10k1day/202210/1021-1031/1025/1500/BiDirectionalPayment.sol            | Solidity   |        -67 |          0 |        -16 |        -83 |
| /Users/user/init/10k1day/202210/1021-1031/1025/1500/CallingContract.sol                 | Solidity   |        -28 |          0 |         -9 |        -37 |
| /Users/user/init/10k1day/202210/1021-1031/1025/1500/Inheritance.sol                     | Solidity   |        -36 |          0 |        -11 |        -47 |
| /Users/user/init/10k1day/202210/1021-1031/1025/1600/BLockTimestamp.sol                  | Solidity   |        -14 |          0 |         -6 |        -20 |
| /Users/user/init/10k1day/202210/1021-1031/1025/1600/ERC721.sol                          | Solidity   |       -104 |          0 |        -35 |       -139 |
| /Users/user/init/10k1day/202210/1021-1031/1025/1700/Optimal.sol                         | Solidity   |        -61 |          0 |        -15 |        -76 |
| /Users/user/init/10k1day/202210/1021-1031/1025/1700/UniswapV2SwapExamples.sol           | Solidity   |       -100 |          0 |        -24 |       -124 |
| /Users/user/init/10k1day/202210/1021-1031/1025/1800/IterableMapping.sol                 | Solidity   |        -84 |         -1 |        -22 |       -107 |
| /Users/user/init/10k1day/202210/1021-1031/1025/1800/UniswapV3FlashSwap.sol              | Solidity   |        -51 |         -7 |        -10 |        -68 |
| /Users/user/init/10k1day/202210/1021-1031/1025/1800/UniswapV3Liquidity.sol              | Solidity   |       -166 |          0 |        -29 |       -195 |
| /Users/user/init/10k1day/202210/1021-1031/1025/1900/TryCatch.sol                        | Solidity   |        -20 |          0 |        -10 |        -30 |
| /Users/user/init/10k1day/202210/1021-1031/1025/2000/super.sol                           | Solidity   |        -38 |        -17 |        -12 |        -67 |
| /Users/user/init/10k1day/202210/1021-1031/1025/2100/Shadow.sol                          | Solidity   |        -12 |         -8 |         -6 |        -26 |
| /Users/user/init/10k1day/202210/1021-1031/1025/2200/Payable.sol                         | Solidity   |        -15 |         -1 |         -1 |        -17 |
| /Users/user/init/10k1day/202210/1021-1031/1025/2300 /Vault.sol                          | Solidity   |          0 |          0 |         -1 |         -1 |
| /Users/user/init/10k1day/202210/1021-1031/1025/900/erc20.sol                            | Solidity   |        -39 |          0 |         -8 |        -47 |
| /Users/user/init/10k1day/202210/1021-1031/1025/900/erc721.sol                           | Solidity   |        -11 |          0 |         -5 |        -16 |
| /Users/user/init/10k1day/202210/1021-1031/1025/900/stakingRewards.sol                   | Solidity   |        -94 |         -1 |        -29 |       -124 |
| /Users/user/init/10k1day/202210/1021-1031/1026/1000/DenialOfService.sol                 | Solidity   |        -23 |          0 |         -3 |        -26 |
| /Users/user/init/10k1day/202210/1021-1031/1026/1000/ForceEther.sol                      | Solidity   |        -32 |          0 |         -9 |        -41 |
| /Users/user/init/10k1day/202210/1021-1031/1026/1000/MultiSigReplay.sol                  | Solidity   |        -10 |          0 |         -4 |        -14 |
| /Users/user/init/10k1day/202210/1021-1031/1026/1000/PreventFrontRunning.sol             | Solidity   |        -33 |          0 |        -11 |        -44 |
| /Users/user/init/10k1day/202210/1021-1031/1026/1000/ReEntrancy.sol                      | Solidity   |        -36 |          0 |        -13 |        -49 |
| /Users/user/init/10k1day/202210/1021-1031/1026/1100/MultiSigWallet.sol                  | Solidity   |        -23 |          0 |         -9 |        -32 |
| /Users/user/init/10k1day/202210/1021-1031/1026/1100/TxOrigin.sol                        | Solidity   |        -26 |          0 |         -8 |        -34 |
| /Users/user/init/10k1day/202210/1021-1031/1026/1200/Keccak256.sol                       | Solidity   |        -26 |          0 |         -7 |        -33 |
| /Users/user/init/10k1day/202210/1021-1031/1026/1200/slot.sol                            | Solidity   |        -18 |         -1 |         -7 |        -26 |
| /Users/user/init/10k1day/202210/1021-1031/1026/1300/MultiSigWallet.sol                  | Solidity   |        -99 |          0 |        -24 |       -123 |
| /Users/user/init/10k1day/202210/1021-1031/1026/1300/Struct.sol                          | Solidity   |        -30 |          0 |        -12 |        -42 |
| /Users/user/init/10k1day/202210/1021-1031/1026/1400/Array.sol                           | Solidity   |        -35 |         -5 |        -17 |        -57 |
| /Users/user/init/10k1day/202210/1021-1031/1026/1400/Enum.sol                            | Solidity   |        -23 |          0 |         -8 |        -31 |
| /Users/user/init/10k1day/202210/1021-1031/1026/1400/Err.sol                             | Solidity   |        -12 |          0 |         -6 |        -18 |
| /Users/user/init/10k1day/202210/1021-1031/1026/1500/ICEther.sol                         | Solidity   |        -26 |          0 |        -10 |        -36 |
| /Users/user/init/10k1day/202210/1021-1031/1026/1500/IComptroller.sol                    | Solidity   |        -11 |          0 |         -1 |        -12 |
| /Users/user/init/10k1day/202210/1021-1031/1026/1500/ICurveFiCurve.sol                   | Solidity   |        -30 |          0 |         -3 |        -33 |
| /Users/user/init/10k1day/202210/1021-1031/1026/1500/ICurveFiZap.sol                     | Solidity   |         -8 |          0 |         -2 |        -10 |
| /Users/user/init/10k1day/202210/1021-1031/1026/1500/ILendingPoolAddressesProvider.sol   | Solidity   |        -19 |          0 |         -2 |        -21 |
| /Users/user/init/10k1day/202210/1021-1031/1026/1600/DSS.sol                             | Solidity   |        -62 |        -21 |        -18 |       -101 |
| /Users/user/init/10k1day/202210/1021-1031/1026/1600/IDepot.sol                          | Solidity   |        -16 |          0 |        -14 |        -30 |
| /Users/user/init/10k1day/202210/1021-1031/1026/1600/IMedianizer.sol                     | Solidity   |        -13 |         -3 |         -2 |        -18 |
| /Users/user/init/10k1day/202210/1021-1031/1026/1600/ISynthetix.sol                      | Solidity   |        -51 |          0 |        -33 |        -84 |
| /Users/user/init/10k1day/202210/1021-1031/1026/1700/DydxFlashloanBase.sol               | Solidity   |       -102 |         -1 |        -11 |       -114 |
| /Users/user/init/10k1day/202210/1021-1031/1026/1700/ISoloMargin.sol                     | Solidity   |       -136 |          0 |        -10 |       -146 |
| /Users/user/init/10k1day/202210/1021-1031/1026/1800/BPool.sol                           | Solidity   |        -18 |          0 |         -1 |        -19 |
| /Users/user/init/10k1day/202210/1021-1031/1026/1800/ExchangeProxy.sol                   | Solidity   |        -39 |          0 |         -7 |        -46 |
| /Users/user/init/10k1day/202210/1021-1031/1026/1800/KyberNetworkProxy.sol               | Solidity   |        -10 |          0 |         -4 |        -14 |
| /Users/user/init/10k1day/202210/1021-1031/1026/1900/IUniswapV2Router.sol                | Solidity   |        -82 |          0 |        -13 |        -95 |
| /Users/user/init/10k1day/202210/1021-1031/1026/2000/dss.sol                             | Solidity   |       -149 |        -33 |        -36 |       -218 |
| /Users/user/init/10k1day/202210/1021-1031/1026/2100/IUniswapV2Pair.sol                  | Solidity   |        -21 |          0 |        -20 |        -41 |
| /Users/user/init/10k1day/202210/1021-1031/1026/2100/keyber.sol                          | Solidity   |        -19 |         -2 |         -6 |        -27 |
| /Users/user/init/10k1day/202210/1021-1031/1026/2200/IUniswapFactory.sol                 | Solidity   |          0 |          0 |         -1 |         -1 |
| /Users/user/init/10k1day/202210/1021-1031/1026/900/Delegatecall.sol                     | Solidity   |        -27 |        -24 |        -10 |        -61 |
| /Users/user/init/10k1day/202210/1021-1031/1026/行数.md                                    | Markdown   |        -16 |          0 |          0 |        -16 |
| /Users/user/init/10k1day/202210/1021-1031/1027/1000/ICallee.sol                         | Solidity   |        -11 |        -15 |         -5 |        -31 |
| /Users/user/init/10k1day/202210/1021-1031/1027/1100/DssProxyActionsBase.sol             | Solidity   |       -168 |        -28 |        -38 |       -234 |
| /Users/user/init/10k1day/202210/1021-1031/1027/1100/ISynth.sol                          | Solidity   |         -7 |         -5 |         -5 |        -17 |
| /Users/user/init/10k1day/202210/1021-1031/1027/1100/ISynthetix.sol                      | Solidity   |         -9 |          0 |         -8 |        -17 |
| /Users/user/init/10k1day/202210/1021-1031/1027/1200/IDepot.sol                          | Solidity   |        -14 |        -12 |         -2 |        -28 |
| /Users/user/init/10k1day/202210/1021-1031/1027/1200/ILendingPool.sol                    | Solidity   |        -17 |        -16 |         -4 |        -37 |
| /Users/user/init/10k1day/202210/1021-1031/1027/1200/ILendingPoolAddressesProvider.sol   | Solidity   |        -11 |         -9 |         -3 |        -23 |
| /Users/user/init/10k1day/202210/1021-1031/1027/1200/ISynthetix.sol                      | Solidity   |        -22 |        -19 |         -3 |        -44 |
| /Users/user/init/10k1day/202210/1021-1031/1027/1200/sol.sol                             | Solidity   |          0 |          0 |         -1 |         -1 |
| /Users/user/init/10k1day/202210/1021-1031/1027/1300/IDss.sol                            | Solidity   |        -48 |        -23 |         -8 |        -79 |
| /Users/user/init/10k1day/202210/1021-1031/1027/1300/IUniswapExchange.sol                | Solidity   |        -17 |        -14 |         -3 |        -34 |
| /Users/user/init/10k1day/202210/1021-1031/1027/1300/IUniswapV2Pair.sol                  | Solidity   |        -29 |        -19 |         -4 |        -52 |
| /Users/user/init/10k1day/202210/1021-1031/1027/1300/sol.sol                             | Solidity   |          0 |          0 |         -1 |         -1 |
| /Users/user/init/10k1day/202210/1021-1031/1027/1400/ICurveFiCurve.sol                   | Solidity   |        -28 |        -25 |         -4 |        -57 |
| /Users/user/init/10k1day/202210/1021-1031/1027/1400/ICurveFiZap.sol                     | Solidity   |        -11 |         -9 |         -2 |        -22 |
| /Users/user/init/10k1day/202210/1021-1031/1027/1400/ISoloMargin.sol                     | Solidity   |       -106 |        -64 |        -17 |       -187 |
| /Users/user/init/10k1day/202210/1021-1031/1027/1400/IUniswapV2Factory.sol               | Solidity   |        -10 |         -7 |         -4 |        -21 |
| /Users/user/init/10k1day/202210/1021-1031/1027/1400/IUniswapV2Router01.sol              | Solidity   |       -100 |        -16 |         -3 |       -119 |
| /Users/user/init/10k1day/202210/1021-1031/1027/1400/sol.sol                             | Solidity   |          0 |          0 |         -1 |         -1 |
| /Users/user/init/10k1day/202210/1021-1031/1027/1500/BPool.sol                           | Solidity   |        -46 |        -46 |         -2 |        -94 |
| /Users/user/init/10k1day/202210/1021-1031/1027/1500/ExchangeProxy.sol                   | Solidity   |        -56 |         -6 |         -4 |        -66 |
| /Users/user/init/10k1day/202210/1021-1031/1027/1500/ICEther.sol                         | Solidity   |        -14 |        -12 |         -3 |        -29 |
| /Users/user/init/10k1day/202210/1021-1031/1027/1500/ICToken.sol                         | Solidity   |        -14 |        -12 |         -3 |        -29 |
| /Users/user/init/10k1day/202210/1021-1031/1027/1500/IComptroller.sol                    | Solidity   |        -22 |        -20 |        -13 |        -55 |
| /Users/user/init/10k1day/202210/1021-1031/1027/1500/sol.sol                             | Solidity   |          0 |          0 |         -1 |         -1 |
| /Users/user/init/10k1day/202210/1021-1031/1027/1600/Chainlink.sol                       | Solidity   |        -25 |         -5 |         -6 |        -36 |
| /Users/user/init/10k1day/202210/1021-1031/1027/1600/CrowdFund.sol                       | Solidity   |        -96 |        -30 |        -24 |       -150 |
| /Users/user/init/10k1day/202210/1021-1031/1027/1600/DutchAuction.sol                    | Solidity   |        -47 |        -32 |        -10 |        -89 |
| /Users/user/init/10k1day/202210/1021-1031/1027/1600/IDssProxyActions.sol                | Solidity   |       -144 |        -64 |        -13 |       -221 |
| /Users/user/init/10k1day/202210/1021-1031/1027/1600/IMedianizer.sol                     | Solidity   |        -19 |        -16 |         -2 |        -37 |
| /Users/user/init/10k1day/202210/1021-1031/1027/1600/MerkleTree.sol                      | Solidity   |        -19 |        -14 |         -3 |        -36 |
| /Users/user/init/10k1day/202210/1021-1031/1027/1600/TimeLock.sol                        | Solidity   |         -4 |          0 |         -1 |         -5 |
| /Users/user/init/10k1day/202210/1021-1031/1027/1600/sol.sol                             | Solidity   |          0 |          0 |         -1 |         -1 |
| /Users/user/init/10k1day/202210/1021-1031/1027/1700/AbiDecode.sol                       | Solidity   |        -15 |        -10 |         -4 |        -29 |
| /Users/user/init/10k1day/202210/1021-1031/1027/1700/EnglishAuction.sol                  | Solidity   |        -63 |         -6 |        -16 |        -85 |
| /Users/user/init/10k1day/202210/1021-1031/1027/1700/StakingRewards.sol                  | Solidity   |       -105 |        -37 |         -7 |       -149 |
| /Users/user/init/10k1day/202210/1021-1031/1027/1700/UniDirectionalPaymentChannel.sol    | Solidity   |        -44 |        -10 |        -14 |        -68 |
| /Users/user/init/10k1day/202210/1021-1031/1027/1700/UpgradeableProxy.sol                | Solidity   |        -16 |         -2 |         -6 |        -24 |
| /Users/user/init/10k1day/202210/1021-1031/1027/1700/sol.sol                             | Solidity   |          0 |          0 |         -1 |         -1 |
| /Users/user/init/10k1day/202210/1021-1031/1027/1800/BiDirectionalPaymentChannel.sol     | Solidity   |        -73 |         -8 |        -14 |        -95 |
| /Users/user/init/10k1day/202210/1021-1031/1027/1800/HoneyPot.sol                        | Solidity   |         -6 |         -4 |         -1 |        -11 |
| /Users/user/init/10k1day/202210/1021-1031/1027/1800/MultiSigWallet.sol                  | Solidity   |       -153 |        -20 |        -30 |       -203 |
| /Users/user/init/10k1day/202210/1021-1031/1027/1800/Signature.sol                       | Solidity   |        -39 |        -14 |         -8 |        -61 |
| /Users/user/init/10k1day/202210/1021-1031/1027/1800/sol.sol                             | Solidity   |          0 |          0 |         -1 |         -1 |
| /Users/user/init/10k1day/202210/1021-1031/1027/1900/IOneSplit.sol                       | Solidity   |        -58 |         -5 |         -3 |        -66 |
| /Users/user/init/10k1day/202210/1021-1031/1027/1900/IUniswapV2FlashSwap.sol             | Solidity   |        -44 |         -9 |        -17 |        -70 |
| /Users/user/init/10k1day/202210/1021-1031/1027/1900/Masset.sol                          | Solidity   |        -10 |         -9 |         -2 |        -21 |
| /Users/user/init/10k1day/202210/1021-1031/1027/1900/Optimal.sol                         | Solidity   |        -69 |        -23 |        -17 |       -109 |
| /Users/user/init/10k1day/202210/1021-1031/1027/1900/StakingRewardsWithPlatformToken.sol | Solidity   |        -12 |        -10 |         -2 |        -24 |
| /Users/user/init/10k1day/202210/1021-1031/1027/1900/sol.sol                             | Solidity   |          0 |          0 |         -1 |         -1 |
| /Users/user/init/10k1day/202210/1021-1031/1027/2000/ILendingPoolAddressesProvider.sol   | Solidity   |        -21 |        -18 |         -3 |        -42 |
| /Users/user/init/10k1day/202210/1021-1031/1027/2000/dss.sol                             | Solidity   |          0 |          0 |         -1 |         -1 |
| /Users/user/init/10k1day/202210/1021-1031/1027/2000/sol.sol                             | Solidity   |          0 |          0 |         -1 |         -1 |
| /Users/user/init/10k1day/202210/1021-1031/1027/2000/test.sol                            | Solidity   |          0 |          0 |         -1 |         -1 |
| /Users/user/init/10k1day/202210/1021-1031/1027/2100/ICallee.sol                         | Solidity   |        -11 |        -14 |         -5 |        -30 |
| /Users/user/init/10k1day/202210/1021-1031/1027/2100/sol.sol                             | Solidity   |          0 |          0 |         -1 |         -1 |
| /Users/user/init/10k1day/202210/1021-1031/1027/2200/KyberNetworkProxy.sol               | Solidity   |        -19 |         -2 |         -6 |        -27 |
| /Users/user/init/10k1day/202210/1021-1031/1027/2200/sol.sol                             | Solidity   |          0 |          0 |         -1 |         -1 |
| /Users/user/init/10k1day/202210/1021-1031/1027/2300/Bits.sol                            | Solidity   |        -20 |         -5 |         -4 |        -29 |
| /Users/user/init/10k1day/202210/1021-1031/1027/2300/sol.sol                             | Solidity   |          0 |          0 |         -1 |         -1 |
| /Users/user/init/10k1day/202210/1021-1031/1027/900/IUniswapExchange.sol                 | Solidity   |        -37 |        -10 |         -2 |        -49 |
| /Users/user/init/10k1day/202210/1021-1031/1027/行数.md                                    | Markdown   |        -16 |          0 |         -1 |        -17 |
| /Users/user/init/10k1day/202210/1021-1031/1028/1000/ILendingPoolAddressesProvider.sol   | Solidity   |        -25 |        -22 |         -2 |        -49 |
| /Users/user/init/10k1day/202210/1021-1031/1028/1000/sol.sol                             | Solidity   |          0 |          0 |         -1 |         -1 |
| /Users/user/init/10k1day/202210/1021-1031/1028/1100/ICEther.sol                         | Solidity   |        -14 |        -11 |         -2 |        -27 |
| /Users/user/init/10k1day/202210/1021-1031/1028/1100/ICToken.sol                         | Solidity   |        -21 |        -18 |         -2 |        -41 |
| /Users/user/init/10k1day/202210/1021-1031/1028/1100/IComptroller.sol                    | Solidity   |        -22 |        -19 |         -2 |        -43 |
| /Users/user/init/10k1day/202210/1021-1031/1028/1100/ICurveFiCurve.sol                   | Solidity   |        -28 |        -25 |         -2 |        -55 |
| /Users/user/init/10k1day/202210/1021-1031/1028/1100/ICurveFiPoolToken.sol               | Solidity   |        -16 |        -13 |         -1 |        -30 |
| /Users/user/init/10k1day/202210/1021-1031/1028/1100/ICurveFiZap.sol                     | Solidity   |        -13 |        -10 |         -3 |        -26 |
| /Users/user/init/10k1day/202210/1021-1031/1028/1100/IDepot.sol                          | Solidity   |        -16 |        -13 |         -2 |        -31 |
| /Users/user/init/10k1day/202210/1021-1031/1028/1100/ILendingPool.sol                    | Solidity   |        -61 |        -15 |         -2 |        -78 |
| /Users/user/init/10k1day/202210/1021-1031/1028/1100/ISynth.sol                          | Solidity   |         -8 |         -5 |         -2 |        -15 |
| /Users/user/init/10k1day/202210/1021-1031/1028/1100/ISynthetix.sol                      | Solidity   |        -29 |        -27 |         -2 |        -58 |
| /Users/user/init/10k1day/202210/1021-1031/1028/1100/KyberNetworkProxyInterface.sol      | Solidity   |        -16 |        -12 |         -5 |        -33 |
| /Users/user/init/10k1day/202210/1021-1031/1028/1100/sol.sol                             | Solidity   |          0 |          0 |         -1 |         -1 |
| /Users/user/init/10k1day/202210/1021-1031/1028/1200/IMedianizer.sol                     | Solidity   |        -22 |        -19 |         -2 |        -43 |
| /Users/user/init/10k1day/202210/1021-1031/1028/1200/ISoloMargin.sol                     | Solidity   |        -58 |        -54 |         -3 |       -115 |
| /Users/user/init/10k1day/202210/1021-1031/1028/1200/IUniswapExchange.sol                | Solidity   |        -12 |        -10 |         -2 |        -24 |
| /Users/user/init/10k1day/202210/1021-1031/1028/1200/IUniswapFactory.sol                 | Solidity   |         -8 |         -5 |         -2 |        -15 |
| /Users/user/init/10k1day/202210/1021-1031/1028/1200/IUniswapV2Factory.sol               | Solidity   |         -9 |         -6 |         -2 |        -17 |
| /Users/user/init/10k1day/202210/1021-1031/1028/1200/IUniswapV2Pair.sol                  | Solidity   |        -29 |        -26 |         -2 |        -57 |
| /Users/user/init/10k1day/202210/1021-1031/1028/1200/IUniswapV2Router01.sol              | Solidity   |        -22 |        -19 |         -2 |        -43 |
| /Users/user/init/10k1day/202210/1021-1031/1028/1200/Masset.sol                          | Solidity   |        -11 |         -8 |         -2 |        -21 |
| /Users/user/init/10k1day/202210/1021-1031/1028/1200/StakingRewardsWithPlatformToken.sol | Solidity   |        -12 |         -9 |         -2 |        -23 |
| /Users/user/init/10k1day/202210/1021-1031/1028/1200/sol.sol                             | Solidity   |          0 |          0 |         -1 |         -1 |
| /Users/user/init/10k1day/202210/1021-1031/1028/1300/AbiDecode.sol                       | Solidity   |        -14 |         -3 |         -5 |        -22 |
| /Users/user/init/10k1day/202210/1021-1031/1028/1300/BiDirectionalPaymentChannel.sol     | Solidity   |        -81 |        -10 |        -16 |       -107 |
| /Users/user/init/10k1day/202210/1021-1031/1028/1300/Bitwise.sol                         | Solidity   |        -46 |        -12 |         -9 |        -67 |
| /Users/user/init/10k1day/202210/1021-1031/1028/1300/IDss.sol                            | Solidity   |       -172 |       -138 |         -6 |       -316 |
| /Users/user/init/10k1day/202210/1021-1031/1028/1300/sol.sol                             | Solidity   |          0 |          0 |         -1 |         -1 |
| /Users/user/init/10k1day/202210/1021-1031/1028/1400/CPAMM.sol                           | Solidity   |       -151 |        -16 |        -26 |       -193 |
| /Users/user/init/10k1day/202210/1021-1031/1028/1400/CSAMM.sol                           | Solidity   |        -83 |        -16 |        -14 |       -113 |
| /Users/user/init/10k1day/202210/1021-1031/1028/1400/CrowFund.sol                        | Solidity   |       -122 |        -18 |        -17 |       -157 |
| /Users/user/init/10k1day/202210/1021-1031/1028/1400/DutchAuction.sol                    | Solidity   |        -39 |         -6 |        -10 |        -55 |
| /Users/user/init/10k1day/202210/1021-1031/1028/1400/EnglishAuction.sol                  | Solidity   |        -59 |        -12 |        -14 |        -85 |
| /Users/user/init/10k1day/202210/1021-1031/1028/1400/MultiDelegatecall.sol               | Solidity   |        -20 |         -3 |         -5 |        -28 |
| /Users/user/init/10k1day/202210/1021-1031/1028/1400/Signature.sol                       | Solidity   |        -38 |         -9 |         -2 |        -49 |
| /Users/user/init/10k1day/202210/1021-1031/1028/1400/UniDirectionalPaymentChannel.sol    | Solidity   |        -42 |        -11 |        -15 |        -68 |
| /Users/user/init/10k1day/202210/1021-1031/1028/1400/sol.sol                             | Solidity   |          0 |          0 |         -1 |         -1 |
| /Users/user/init/10k1day/202210/1021-1031/1028/1500/ERC721.sol                          | Solidity   |        -64 |        -30 |        -12 |       -106 |
| /Users/user/init/10k1day/202210/1021-1031/1028/1500/Interface.sol                       | Solidity   |        -31 |        -18 |         -7 |        -56 |
| /Users/user/init/10k1day/202210/1021-1031/1028/1500/IterableMapping.sol                 | Solidity   |        -44 |        -12 |        -12 |        -68 |
| /Users/user/init/10k1day/202210/1021-1031/1028/1500/Keccak256.sol                       | Solidity   |        -18 |         -7 |         -3 |        -28 |
| /Users/user/init/10k1day/202210/1021-1031/1028/1500/Library.sol                         | Solidity   |        -30 |         -8 |         -6 |        -44 |
| /Users/user/init/10k1day/202210/1021-1031/1028/1500/Mapping.sol                         | Solidity   |        -25 |        -10 |         -5 |        -40 |
| /Users/user/init/10k1day/202210/1021-1031/1028/1500/MarkleTree.sol                      | Solidity   |        -24 |         -3 |         -5 |        -32 |
| /Users/user/init/10k1day/202210/1021-1031/1028/1500/NewContract.sol                     | Solidity   |        -35 |         -8 |         -6 |        -49 |
| /Users/user/init/10k1day/202210/1021-1031/1028/1500/Payable.sol                         | Solidity   |        -14 |         -8 |         -6 |        -28 |
| /Users/user/init/10k1day/202210/1021-1031/1028/1500/Proxy.sol                           | Solidity   |        -23 |         -6 |         -3 |        -32 |
| /Users/user/init/10k1day/202210/1021-1031/1028/1500/SendingEther.sol                    | Solidity   |        -22 |         -9 |         -4 |        -35 |
| /Users/user/init/10k1day/202210/1021-1031/1028/1500/sol.sol                             | Solidity   |          0 |          0 |         -1 |         -1 |
| /Users/user/init/10k1day/202210/1021-1031/1028/1600/StableSwap.sol                      | Solidity   |       -177 |        -15 |        -15 |       -207 |
| /Users/user/init/10k1day/202210/1021-1031/1028/1600/StakingReward.sol                   | Solidity   |       -129 |        -22 |        -17 |       -168 |
| /Users/user/init/10k1day/202210/1021-1031/1028/1600/TimeLock.sol                        | Solidity   |        -51 |        -15 |         -9 |        -75 |
| /Users/user/init/10k1day/202210/1021-1031/1028/1600/UpgradeableProxy.sol                | Solidity   |       -147 |        -36 |        -25 |       -208 |
| /Users/user/init/10k1day/202210/1021-1031/1028/1600/Vault.sol                           | Solidity   |        -33 |        -11 |        -11 |        -55 |
| /Users/user/init/10k1day/202210/1021-1031/1028/1600/sol.sol                             | Solidity   |          0 |          0 |         -1 |         -1 |
| /Users/user/init/10k1day/202210/1021-1031/1028/1700/Array.sol                           | Solidity   |        -27 |         -8 |        -11 |        -46 |
| /Users/user/init/10k1day/202210/1021-1031/1028/1700/Enum.sol                            | Solidity   |        -23 |         -5 |         -7 |        -35 |
| /Users/user/init/10k1day/202210/1021-1031/1028/1700/Liquidity.sol                       | Solidity   |        -31 |        -13 |         -9 |        -53 |
| /Users/user/init/10k1day/202210/1021-1031/1028/1700/MultiSigWallet.sol                  | Solidity   |       -146 |        -20 |        -17 |       -183 |
| /Users/user/init/10k1day/202210/1021-1031/1028/1700/Optimal.sol                         | Solidity   |        -62 |        -14 |        -13 |        -89 |
| /Users/user/init/10k1day/202210/1021-1031/1028/1700/UniswapV2FlashSwap.sol              | Solidity   |        -58 |        -14 |        -23 |        -95 |
| /Users/user/init/10k1day/202210/1021-1031/1028/1700/sol.sol                             | Solidity   |          0 |          0 |         -1 |         -1 |
| /Users/user/init/10k1day/202210/1021-1031/1028/1800/Bits.sol                            | Solidity   |       -121 |        -13 |         -5 |       -139 |
| /Users/user/init/10k1day/202210/1021-1031/1028/1800/BtcParser.sol                       | Solidity   |         -3 |         -1 |         -2 |         -6 |
| /Users/user/init/10k1day/202210/1021-1031/1028/1800/UniswapV3Flash.sol                  | Solidity   |        -85 |        -18 |        -21 |       -124 |
| /Users/user/init/10k1day/202210/1021-1031/1028/1800/UniswapV3Liquidity.sol              | Solidity   |       -110 |        -24 |        -24 |       -158 |
| /Users/user/init/10k1day/202210/1021-1031/1028/1800/sol.sol                             | Solidity   |          0 |          0 |         -1 |         -1 |
| /Users/user/init/10k1day/202210/1021-1031/1028/1900/Bytes.sol                           | Solidity   |        -53 |         -7 |         -8 |        -68 |
| /Users/user/init/10k1day/202210/1021-1031/1028/1900/ExactMath.sol                       | Solidity   |        -37 |         -5 |         -5 |        -47 |
| /Users/user/init/10k1day/202210/1021-1031/1028/1900/Memory.sol                          | Solidity   |        -57 |         -9 |        -15 |        -81 |
| /Users/user/init/10k1day/202210/1021-1031/1028/1900/Strings.sol                         | Solidity   |       -152 |        -11 |        -13 |       -176 |
| /Users/user/init/10k1day/202210/1021-1031/1028/1900/ViewSPV.sol                         | Solidity   |        -60 |        -10 |         -9 |        -79 |
| /Users/user/init/10k1day/202210/1021-1031/1028/1900/sol.sol                             | Solidity   |          0 |          0 |         -1 |         -1 |
| /Users/user/init/10k1day/202210/1021-1031/1028/2000/BytesLib.sol                        | Solidity   |        -53 |         -7 |         -9 |        -69 |
| /Users/user/init/10k1day/202210/1021-1031/1028/2000/ValidateSPV.sol                     | Solidity   |        -92 |        -11 |         -8 |       -111 |
| /Users/user/init/10k1day/202210/1021-1031/1028/2000/ViewBTC.sol                         | Solidity   |        -79 |        -12 |         -6 |        -97 |
| /Users/user/init/10k1day/202210/1021-1031/1028/2000/sol.sol                             | Solidity   |          0 |          0 |         -1 |         -1 |
| /Users/user/init/10k1day/202210/1021-1031/1028/2100/TypedMemView.sol                    | Solidity   |        -57 |        -14 |         -8 |        -79 |
| /Users/user/init/10k1day/202210/1021-1031/1028/2100/sol.sol                             | Solidity   |          0 |          0 |         -1 |         -1 |
| /Users/user/init/10k1day/202210/1021-1031/1028/2200/ContractWallet.sol                  | Solidity   |        -43 |         -8 |        -11 |        -62 |
| /Users/user/init/10k1day/202210/1021-1031/1028/2200/Data.sol                            | Solidity   |        -83 |        -13 |        -11 |       -107 |
| /Users/user/init/10k1day/202210/1021-1031/1028/2200/sol.sol                             | Solidity   |          0 |          0 |         -1 |         -1 |
| /Users/user/init/10k1day/202210/1021-1031/1028/2300/sol.sol                             | Solidity   |          0 |          0 |         -1 |         -1 |
| /Users/user/init/10k1day/202210/1021-1031/1028/800/BFactory.sol                         | Solidity   |         -6 |          0 |         -4 |        -10 |
| /Users/user/init/10k1day/202210/1021-1031/1028/800/sol.sol                              | Solidity   |          0 |          0 |         -1 |         -1 |
| /Users/user/init/10k1day/202210/1021-1031/1028/900/IFlashLoanReceiver.sol               | Solidity   |        -12 |          0 |         -7 |        -19 |
| /Users/user/init/10k1day/202210/1021-1031/1028/900/sol.sol                              | Solidity   |          0 |          0 |         -1 |         -1 |
| /Users/user/init/10k1day/202210/1021-1031/1028/行数.md                                    | Markdown   |        -16 |          0 |          0 |        -16 |
| /Users/user/init/10k1day/202210/1021-1031/1029/1000/LilENS.sol                          | Solidity   |        -14 |        -14 |         -9 |        -37 |
| /Users/user/init/10k1day/202210/1021-1031/1029/1000/sol.sol                             | Solidity   |          0 |          0 |         -1 |         -1 |
| /Users/user/init/10k1day/202210/1021-1031/1029/1100/LilENS.sol                          | Solidity   |        -13 |         -3 |         -6 |        -22 |
| /Users/user/init/10k1day/202210/1021-1031/1029/1100/LilGnosis.sol                       | Solidity   |       -110 |         -9 |        -35 |       -154 |
| /Users/user/init/10k1day/202210/1021-1031/1029/1100/LilJuicebox.sol                     | Solidity   |         -2 |         -1 |         -2 |         -5 |
| /Users/user/init/10k1day/202210/1021-1031/1029/1100/LilOpenSea.sol                      | Solidity   |        -79 |         -8 |        -15 |       -102 |
| /Users/user/init/10k1day/202210/1021-1031/1029/1100/LilSuperfluid.sol                   | Solidity   |        -41 |        -11 |        -14 |        -66 |
| /Users/user/init/10k1day/202210/1021-1031/1029/1100/StateMachine.sol                    | Solidity   |        -62 |        -10 |         -7 |        -79 |
| /Users/user/init/10k1day/202210/1021-1031/1029/1100/oracke.sol                          | Solidity   |        -17 |         -3 |         -3 |        -23 |
| /Users/user/init/10k1day/202210/1021-1031/1029/1100/sol.sol                             | Solidity   |          0 |          0 |         -1 |         -1 |
| /Users/user/init/10k1day/202210/1021-1031/1029/1200/AccessRestriction.sol               | Solidity   |        -32 |         -7 |         -7 |        -46 |
| /Users/user/init/10k1day/202210/1021-1031/1029/1200/BPool.sol                           | Solidity   |        -27 |        -24 |         -3 |        -54 |
| /Users/user/init/10k1day/202210/1021-1031/1029/1200/ContractDetector.sol                | Solidity   |        -27 |         -4 |         -4 |        -35 |
| /Users/user/init/10k1day/202210/1021-1031/1029/1200/ExchangeProxy.sol                   | Solidity   |        -16 |         -2 |         -3 |        -21 |
| /Users/user/init/10k1day/202210/1021-1031/1029/1200/FlashLoanReceiverBase.sol           | Solidity   |        -27 |         -5 |         -8 |        -40 |
| /Users/user/init/10k1day/202210/1021-1031/1029/1200/ICToken.sol                         | Solidity   |        -15 |        -14 |         -2 |        -31 |
| /Users/user/init/10k1day/202210/1021-1031/1029/1200/IComptroller.sol                    | Solidity   |        -18 |        -17 |         -1 |        -36 |
| /Users/user/init/10k1day/202210/1021-1031/1029/1200/IDepot.sol                          | Solidity   |        -11 |         -9 |         -3 |        -23 |
| /Users/user/init/10k1day/202210/1021-1031/1029/1200/ISynth.sol                          | Solidity   |         -9 |         -7 |         -3 |        -19 |
| /Users/user/init/10k1day/202210/1021-1031/1029/1200/ISynthetix.sol                      | Solidity   |        -23 |        -23 |         -2 |        -48 |
| /Users/user/init/10k1day/202210/1021-1031/1029/1200/creatorBalanceChecker.sol           | Solidity   |        -15 |         -6 |         -6 |        -27 |
| /Users/user/init/10k1day/202210/1021-1031/1029/1200/indexOf.sol                         | Solidity   |        -13 |         -3 |         -2 |        -18 |
| /Users/user/init/10k1day/202210/1021-1031/1029/1200/ping.sol                            | Solidity   |         -5 |         -3 |         -3 |        -11 |
| /Users/user/init/10k1day/202210/1021-1031/1029/1200/sol.sol                             | Solidity   |          0 |          0 |         -1 |         -1 |
| /Users/user/init/10k1day/202210/1021-1031/1029/1300/DydxFlashloanBase.sol               | Solidity   |        -70 |         -8 |         -9 |        -87 |
| /Users/user/init/10k1day/202210/1021-1031/1029/1300/ICallee.sol                         | Solidity   |        -10 |         -2 |         -5 |        -17 |
| /Users/user/init/10k1day/202210/1021-1031/1029/1300/IUniswapExchange.sol                | Solidity   |        -23 |        -21 |         -4 |        -48 |
| /Users/user/init/10k1day/202210/1021-1031/1029/1300/IUniswapFactory.sol                 | Solidity   |         -8 |         -6 |         -2 |        -16 |
| /Users/user/init/10k1day/202210/1021-1031/1029/1300/IUniswapV2Factory.sol               | Solidity   |         -9 |         -6 |         -1 |        -16 |
| /Users/user/init/10k1day/202210/1021-1031/1029/1300/IUniswapV2Pair.sol                  | Solidity   |        -25 |        -23 |         -3 |        -51 |
| /Users/user/init/10k1day/202210/1021-1031/1029/1300/KyberNetworkProxy.sol               | Solidity   |        -15 |        -11 |         -4 |        -30 |
| /Users/user/init/10k1day/202210/1021-1031/1029/1300/Masset.sol                          | Solidity   |        -10 |         -8 |         -9 |        -27 |
| /Users/user/init/10k1day/202210/1021-1031/1029/1300/StakingReward.sol                   | Solidity   |        -12 |        -10 |        -11 |        -33 |
| /Users/user/init/10k1day/202210/1021-1031/1029/1300/sol.sol                             | Solidity   |          0 |          0 |         -1 |         -1 |
| /Users/user/init/10k1day/202210/1021-1031/1029/1400/BiDirectionalPaymentChannel.sol     | Solidity   |       -106 |         -8 |        -15 |       -129 |
| /Users/user/init/10k1day/202210/1021-1031/1029/1400/Bitwise.sol                         | Solidity   |        -30 |        -10 |         -1 |        -41 |
| /Users/user/init/10k1day/202210/1021-1031/1029/1400/ICurveFiCurve.sol                   | Solidity   |        -43 |        -20 |         -3 |        -66 |
| /Users/user/init/10k1day/202210/1021-1031/1029/1400/ICurveFiPoolToken.sol               | Solidity   |        -20 |        -14 |         -2 |        -36 |
| /Users/user/init/10k1day/202210/1021-1031/1029/1400/ICurveFiZap.sol                     | Solidity   |        -20 |         -8 |         -1 |        -29 |
| /Users/user/init/10k1day/202210/1021-1031/1029/1400/ILendingPool.sol                    | Solidity   |         -3 |         -3 |         -2 |         -8 |
| /Users/user/init/10k1day/202210/1021-1031/1029/1400/ILendingPoolAddressesProvider.sol   | Solidity   |         -8 |         -5 |         -2 |        -15 |
| /Users/user/init/10k1day/202210/1021-1031/1029/1400/IUniswapV2Router01.sol              | Solidity   |        -79 |        -18 |         -2 |        -99 |
| /Users/user/init/10k1day/202210/1021-1031/1029/1400/sol.sol                             | Solidity   |          0 |          0 |         -1 |         -1 |
| /Users/user/init/10k1day/202210/1021-1031/1029/1500/CrowdFund.sol                       | Solidity   |       -109 |        -14 |        -14 |       -137 |
| /Users/user/init/10k1day/202210/1021-1031/1029/1500/DutchAuction.sol                    | Solidity   |        -51 |         -6 |         -8 |        -65 |
| /Users/user/init/10k1day/202210/1021-1031/1029/1500/ERC721.sol                          | Solidity   |        -96 |        -27 |        -26 |       -149 |
| /Users/user/init/10k1day/202210/1021-1031/1029/1500/EnglishAuction.sol                  | Solidity   |        -76 |        -12 |        -12 |       -100 |
| /Users/user/init/10k1day/202210/1021-1031/1029/1500/IterableMapping.sol                 | Solidity   |        -62 |         -8 |        -16 |        -86 |
| /Users/user/init/10k1day/202210/1021-1031/1029/1500/sol.sol                             | Solidity   |          0 |          0 |         -1 |         -1 |
| /Users/user/init/10k1day/202210/1021-1031/1029/1600/Keccak256.sol                       | Solidity   |        -15 |         -6 |         -6 |        -27 |
| /Users/user/init/10k1day/202210/1021-1031/1029/1600/Library.sol                         | Solidity   |        -31 |         -8 |         -9 |        -48 |
| /Users/user/init/10k1day/202210/1021-1031/1029/1600/Mapping.sol                         | Solidity   |        -25 |         -8 |        -10 |        -43 |
| /Users/user/init/10k1day/202210/1021-1031/1029/1600/MarkleTree.sol                      | Solidity   |        -30 |         -5 |         -9 |        -44 |
| /Users/user/init/10k1day/202210/1021-1031/1029/1600/MinimalProxy.sol                    | Solidity   |        -13 |         -2 |         -4 |        -19 |
| /Users/user/init/10k1day/202210/1021-1031/1029/1600/MultiDelegatecall.sol               | Solidity   |        -12 |         -4 |         -5 |        -21 |
| /Users/user/init/10k1day/202210/1021-1031/1029/1600/NewContract.sol                     | Solidity   |        -18 |         -7 |         -3 |        -28 |
| /Users/user/init/10k1day/202210/1021-1031/1029/1600/Proxy.sol                           | Solidity   |        -53 |        -12 |        -16 |        -81 |
| /Users/user/init/10k1day/202210/1021-1031/1029/1600/SendingEther.sol                    | Solidity   |        -24 |         -9 |         -5 |        -38 |
| /Users/user/init/10k1day/202210/1021-1031/1029/1600/Signature.sol                       | Solidity   |        -42 |         -7 |         -5 |        -54 |
| /Users/user/init/10k1day/202210/1021-1031/1029/1600/StakingRewards.sol                  | Solidity   |       -115 |        -28 |         -6 |       -149 |
| /Users/user/init/10k1day/202210/1021-1031/1029/1600/sol.sol                             | Solidity   |          0 |          0 |         -1 |         -1 |
| /Users/user/init/10k1day/202210/1021-1031/1029/1700/TimeLock.sol                        | Solidity   |       -115 |        -22 |        -14 |       -151 |
| /Users/user/init/10k1day/202210/1021-1031/1029/1700/TryCatch.sol                        | Solidity   |         -7 |         -1 |         -3 |        -11 |
| /Users/user/init/10k1day/202210/1021-1031/1029/1700/UniDirectionalPaymentChannel.sol    | Solidity   |        -39 |         -8 |         -4 |        -51 |
| /Users/user/init/10k1day/202210/1021-1031/1029/1700/Vault.sol                           | Solidity   |        -29 |         -6 |         -8 |        -43 |
| /Users/user/init/10k1day/202210/1021-1031/1029/1700/Visibility.sol                      | Solidity   |        -24 |         -6 |         -4 |        -34 |
| /Users/user/init/10k1day/202210/1021-1031/1029/1700/sol.sol                             | Solidity   |          0 |          0 |         -1 |         -1 |
| /Users/user/init/10k1day/202210/1021-1031/1029/1800/Array.sol                           | Solidity   |        -39 |        -10 |        -13 |        -62 |
| /Users/user/init/10k1day/202210/1021-1031/1029/1800/CPAMM.sol                           | Solidity   |       -141 |        -10 |         -8 |       -159 |
| /Users/user/init/10k1day/202210/1021-1031/1029/1800/CSAMM.sol                           | Solidity   |       -134 |         -9 |        -13 |       -156 |
| /Users/user/init/10k1day/202210/1021-1031/1029/1800/Enum.sol                            | Solidity   |        -21 |        -12 |         -6 |        -39 |
| /Users/user/init/10k1day/202210/1021-1031/1029/1800/Struct.sol                          | Solidity   |        -27 |        -10 |         -7 |        -44 |
| /Users/user/init/10k1day/202210/1021-1031/1029/1800/UpgradeableProxy.sol                | Solidity   |       -125 |        -32 |        -33 |       -190 |
| /Users/user/init/10k1day/202210/1021-1031/1029/1800/sol.sol                             | Solidity   |          0 |          0 |         -1 |         -1 |
| /Users/user/init/10k1day/202210/1021-1031/1029/1900/Account.sol                         | Solidity   |        -11 |         -3 |         -5 |        -19 |
| /Users/user/init/10k1day/202210/1021-1031/1029/1900/Liquidity.sol                       | Solidity   |        -61 |        -14 |        -11 |        -86 |
| /Users/user/init/10k1day/202210/1021-1031/1029/1900/Optimal.sol                         | Solidity   |        -97 |        -12 |         -9 |       -118 |
| /Users/user/init/10k1day/202210/1021-1031/1029/1900/UniswapV2FlashSwap.sol              | Solidity   |        -39 |         -8 |        -18 |        -65 |
| /Users/user/init/10k1day/202210/1021-1031/1029/1900/UniswapV2SwapExamples.sol           | Solidity   |        -47 |         -2 |        -10 |        -59 |
| /Users/user/init/10k1day/202210/1021-1031/1029/1900/UniswapV3Flash.sol                  | Solidity   |        -89 |         -9 |        -17 |       -115 |
| /Users/user/init/10k1day/202210/1021-1031/1029/1900/UniswapV3Liquidity.sol              | Solidity   |       -150 |        -13 |        -23 |       -186 |
| /Users/user/init/10k1day/202210/1021-1031/1029/1900/sol.sol                             | Solidity   |          0 |          0 |         -1 |         -1 |
| /Users/user/init/10k1day/202210/1021-1031/1029/2000/UniswapV3FlashSwap.sol              | Solidity   |         -8 |         -2 |         -4 |        -14 |
| /Users/user/init/10k1day/202210/1021-1031/1029/2000/sol.sol                             | Solidity   |          0 |          0 |         -1 |         -1 |
| /Users/user/init/10k1day/202210/1021-1031/1029/2100/sol.sol                             | Solidity   |          0 |          0 |         -1 |         -1 |
| /Users/user/init/10k1day/202210/1021-1031/1029/2200/sol.sol                             | Solidity   |          0 |          0 |         -1 |         -1 |
| /Users/user/init/10k1day/202210/1021-1031/1029/2300/sol.sol                             | Solidity   |          0 |          0 |         -1 |         -1 |
| /Users/user/init/10k1day/202210/1021-1031/1029/800/sol.sol                              | Solidity   |          0 |          0 |         -1 |         -1 |
| /Users/user/init/10k1day/202210/1021-1031/1029/900/LilENS.sol                           | Solidity   |        -14 |        -14 |         -9 |        -37 |
| /Users/user/init/10k1day/202210/1021-1031/1029/900/sol.sol                              | Solidity   |          0 |          0 |         -1 |         -1 |
| /Users/user/init/10k1day/202210/1021-1031/1029/行数.md                                    | Markdown   |        -16 |          0 |          0 |        -16 |
| /Users/user/init/myApp/10k1day/202211/1101-1110/1101/1000/LiquidationModule.test.ts     | TypeScript |         47 |         10 |         11 |         68 |
| /Users/user/init/myApp/10k1day/202211/1101-1110/1101/1000/sol.sol                       | Solidity   |          0 |          0 |          1 |          1 |
| /Users/user/init/myApp/10k1day/202211/1101-1110/1101/1100/UniswapV2Factory.spec.ts      | TypeScript |         89 |         14 |         16 |        119 |
| /Users/user/init/myApp/10k1day/202211/1101-1110/1101/1100/sol.sol                       | Solidity   |          0 |          0 |          1 |          1 |
| /Users/user/init/myApp/10k1day/202211/1101-1110/1101/1100/v2ERC20.spec.ts               | TypeScript |        101 |         37 |         15 |        153 |
| /Users/user/init/myApp/10k1day/202211/1101-1110/1101/1200/UniswapV2Pair.spec.ts         | TypeScript |        340 |         20 |         43 |        403 |
| /Users/user/init/myApp/10k1day/202211/1101-1110/1101/1200/sol.sol                       | Solidity   |          0 |          0 |          1 |          1 |
| /Users/user/init/myApp/10k1day/202211/1101-1110/1101/1300/FarmingPool.js                | JavaScript |        396 |         54 |        132 |        582 |
| /Users/user/init/myApp/10k1day/202211/1101-1110/1101/1300/sol.sol                       | Solidity   |          0 |          0 |          1 |          1 |
| /Users/user/init/myApp/10k1day/202211/1101-1110/1101/1400/ERC20.test.js                 | JavaScript |        173 |         12 |         43 |        228 |
| /Users/user/init/myApp/10k1day/202211/1101-1110/1101/1400/ERC721.test.js                | JavaScript |        472 |          3 |         86 |        561 |
| /Users/user/init/myApp/10k1day/202211/1101-1110/1101/1400/sol.sol                       | Solidity   |          0 |          0 |          1 |          1 |
| /Users/user/init/myApp/10k1day/202211/1101-1110/1101/1500/MerkleProof.test.js           | JavaScript |         54 |          0 |         10 |         64 |
| /Users/user/init/myApp/10k1day/202211/1101-1110/1101/1500/sol.sol                       | Solidity   |          0 |          0 |          1 |          1 |
| /Users/user/init/myApp/10k1day/202211/1101-1110/1101/1600/UniswapV3PoolSwapTest.sol     | Solidity   |         42 |          1 |          8 |         51 |
| /Users/user/init/myApp/10k1day/202211/1101-1110/1101/1600/sol.sol                       | Solidity   |          0 |          0 |          1 |          1 |
| /Users/user/init/myApp/10k1day/202211/1101-1110/1101/1700/ERC721ReceiverMock.sol        | Solidity   |         40 |          2 |          6 |         48 |
| /Users/user/init/myApp/10k1day/202211/1101-1110/1101/1700/sol.sol                       | Solidity   |          0 |          0 |          1 |          1 |
| /Users/user/init/myApp/10k1day/202211/1101-1110/1101/1800/sol.sol                       | Solidity   |          0 |          0 |          1 |          1 |
| /Users/user/init/myApp/10k1day/202211/1101-1110/1101/1900/sol.sol                       | Solidity   |          0 |          0 |          1 |          1 |
| /Users/user/init/myApp/10k1day/202211/1101-1110/1101/2000/sol.sol                       | Solidity   |          0 |          0 |          1 |          1 |
| /Users/user/init/myApp/10k1day/202211/1101-1110/1101/2100/sol.sol                       | Solidity   |          0 |          0 |          1 |          1 |
| /Users/user/init/myApp/10k1day/202211/1101-1110/1101/2200/sol.sol                       | Solidity   |          0 |          0 |          1 |          1 |
| /Users/user/init/myApp/10k1day/202211/1101-1110/1101/2300/sol.sol                       | Solidity   |          0 |          0 |          1 |          1 |
| /Users/user/init/myApp/10k1day/202211/1101-1110/1101/800/sol.sol                        | Solidity   |          0 |          0 |          1 |          1 |
| /Users/user/init/myApp/10k1day/202211/1101-1110/1101/900/sol.sol                        | Solidity   |          0 |          0 |          1 |          1 |
| /Users/user/init/myApp/10k1day/202211/1101-1110/1101/行数.md                              | Markdown   |         16 |          0 |          0 |         16 |
| /Users/user/init/myApp/10k1day/202211/1101-1110/1102/1000/Seaport.sol                   | Solidity   |         11 |          3 |          6 |         20 |
| /Users/user/init/myApp/10k1day/202211/1101-1110/1102/1000/sol.sol                       | Solidity   |          0 |          0 |          1 |          1 |
| /Users/user/init/myApp/10k1day/202211/1101-1110/1102/1100/sol.sol                       | Solidity   |          0 |          0 |          1 |          1 |
| /Users/user/init/myApp/10k1day/202211/1101-1110/1102/1200/sol.sol                       | Solidity   |          0 |          0 |          1 |          1 |
| /Users/user/init/myApp/10k1day/202211/1101-1110/1102/1300/sol.sol                       | Solidity   |          0 |          0 |          1 |          1 |
| /Users/user/init/myApp/10k1day/202211/1101-1110/1102/1400/sol.sol                       | Solidity   |          0 |          0 |          1 |          1 |
| /Users/user/init/myApp/10k1day/202211/1101-1110/1102/1500/sol.sol                       | Solidity   |          0 |          0 |          1 |          1 |
| /Users/user/init/myApp/10k1day/202211/1101-1110/1102/1600/sol.sol                       | Solidity   |          0 |          0 |          1 |          1 |
| /Users/user/init/myApp/10k1day/202211/1101-1110/1102/1700/sol.sol                       | Solidity   |          0 |          0 |          1 |          1 |
| /Users/user/init/myApp/10k1day/202211/1101-1110/1102/1800/sol.sol                       | Solidity   |          0 |          0 |          1 |          1 |
| /Users/user/init/myApp/10k1day/202211/1101-1110/1102/1900/sol.sol                       | Solidity   |          0 |          0 |          1 |          1 |
| /Users/user/init/myApp/10k1day/202211/1101-1110/1102/2000/sol.sol                       | Solidity   |          0 |          0 |          1 |          1 |
| /Users/user/init/myApp/10k1day/202211/1101-1110/1102/2100/sol.sol                       | Solidity   |          0 |          0 |          1 |          1 |
| /Users/user/init/myApp/10k1day/202211/1101-1110/1102/2200/sol.sol                       | Solidity   |          0 |          0 |          1 |          1 |
| /Users/user/init/myApp/10k1day/202211/1101-1110/1102/2300/sol.sol                       | Solidity   |          0 |          0 |          1 |          1 |
| /Users/user/init/myApp/10k1day/202211/1101-1110/1102/800/ConduitConstants.sol           | Solidity   |         10 |          6 |          3 |         19 |
| /Users/user/init/myApp/10k1day/202211/1101-1110/1102/800/sol.sol                        | Solidity   |          0 |          0 |          1 |          1 |
| /Users/user/init/myApp/10k1day/202211/1101-1110/1102/900/ConduitConstants.sol           | Solidity   |         10 |          6 |          3 |         19 |
| /Users/user/init/myApp/10k1day/202211/1101-1110/1102/900/sol.sol                        | Solidity   |          0 |          0 |          1 |          1 |
| /Users/user/init/myApp/10k1day/202211/1101-1110/1102/行数.md                              | Markdown   |         16 |          0 |          0 |         16 |
| /Users/user/init/myApp/10k1day/202211/1101-1110/1103/1000/sol.sol                       | Solidity   |          0 |          0 |          1 |          1 |
| /Users/user/init/myApp/10k1day/202211/1101-1110/1103/1100/sol.sol                       | Solidity   |          0 |          0 |          1 |          1 |
| /Users/user/init/myApp/10k1day/202211/1101-1110/1103/1200/sol.sol                       | Solidity   |          0 |          0 |          1 |          1 |
| /Users/user/init/myApp/10k1day/202211/1101-1110/1103/1300/sol.sol                       | Solidity   |          0 |          0 |          1 |          1 |
| /Users/user/init/myApp/10k1day/202211/1101-1110/1103/1400/sol.sol                       | Solidity   |          0 |          0 |          1 |          1 |
| /Users/user/init/myApp/10k1day/202211/1101-1110/1103/1500/sol.sol                       | Solidity   |          0 |          0 |          1 |          1 |
| /Users/user/init/myApp/10k1day/202211/1101-1110/1103/1600/sol.sol                       | Solidity   |          0 |          0 |          1 |          1 |
| /Users/user/init/myApp/10k1day/202211/1101-1110/1103/1700/sol.sol                       | Solidity   |          0 |          0 |          1 |          1 |
| /Users/user/init/myApp/10k1day/202211/1101-1110/1103/1800/sol.sol                       | Solidity   |          0 |          0 |          1 |          1 |
| /Users/user/init/myApp/10k1day/202211/1101-1110/1103/1900/sol.sol                       | Solidity   |          0 |          0 |          1 |          1 |
| /Users/user/init/myApp/10k1day/202211/1101-1110/1103/2000/sol.sol                       | Solidity   |          0 |          0 |          1 |          1 |
| /Users/user/init/myApp/10k1day/202211/1101-1110/1103/2100/sol.sol                       | Solidity   |          0 |          0 |          1 |          1 |
| /Users/user/init/myApp/10k1day/202211/1101-1110/1103/2200/sol.sol                       | Solidity   |          0 |          0 |          1 |          1 |
| /Users/user/init/myApp/10k1day/202211/1101-1110/1103/2300/sol.sol                       | Solidity   |          0 |          0 |          1 |          1 |
| /Users/user/init/myApp/10k1day/202211/1101-1110/1103/800/sol.sol                        | Solidity   |          0 |          0 |          1 |          1 |
| /Users/user/init/myApp/10k1day/202211/1101-1110/1103/900/sol.sol                        | Solidity   |          0 |          0 |          1 |          1 |
| /Users/user/init/myApp/10k1day/202211/1101-1110/1103/行数.md                              | Markdown   |         16 |          0 |          0 |         16 |
| /Users/user/init/myApp/10k1day/202211/1101-1110/1104/1000/sol.sol                       | Solidity   |          0 |          0 |          1 |          1 |
| /Users/user/init/myApp/10k1day/202211/1101-1110/1104/1100/sol.sol                       | Solidity   |          0 |          0 |          1 |          1 |
| /Users/user/init/myApp/10k1day/202211/1101-1110/1104/1200/sol.sol                       | Solidity   |          0 |          0 |          1 |          1 |
| /Users/user/init/myApp/10k1day/202211/1101-1110/1104/1300/sol.sol                       | Solidity   |          0 |          0 |          1 |          1 |
| /Users/user/init/myApp/10k1day/202211/1101-1110/1104/1400/sol.sol                       | Solidity   |          0 |          0 |          1 |          1 |
| /Users/user/init/myApp/10k1day/202211/1101-1110/1104/1500/sol.sol                       | Solidity   |          0 |          0 |          1 |          1 |
| /Users/user/init/myApp/10k1day/202211/1101-1110/1104/1600/sol.sol                       | Solidity   |          0 |          0 |          1 |          1 |
| /Users/user/init/myApp/10k1day/202211/1101-1110/1104/1700/sol.sol                       | Solidity   |          0 |          0 |          1 |          1 |
| /Users/user/init/myApp/10k1day/202211/1101-1110/1104/1800/sol.sol                       | Solidity   |          0 |          0 |          1 |          1 |
| /Users/user/init/myApp/10k1day/202211/1101-1110/1104/1900/sol.sol                       | Solidity   |          0 |          0 |          1 |          1 |
| /Users/user/init/myApp/10k1day/202211/1101-1110/1104/2000/sol.sol                       | Solidity   |          0 |          0 |          1 |          1 |
| /Users/user/init/myApp/10k1day/202211/1101-1110/1104/2100/sol.sol                       | Solidity   |          0 |          0 |          1 |          1 |
| /Users/user/init/myApp/10k1day/202211/1101-1110/1104/2200/sol.sol                       | Solidity   |          0 |          0 |          1 |          1 |
| /Users/user/init/myApp/10k1day/202211/1101-1110/1104/2300/sol.sol                       | Solidity   |          0 |          0 |          1 |          1 |
| /Users/user/init/myApp/10k1day/202211/1101-1110/1104/800/sol.sol                        | Solidity   |          0 |          0 |          1 |          1 |
| /Users/user/init/myApp/10k1day/202211/1101-1110/1104/900/sol.sol                        | Solidity   |          0 |          0 |          1 |          1 |
| /Users/user/init/myApp/10k1day/202211/1101-1110/1104/行数.md                              | Markdown   |         16 |          0 |          0 |         16 |
| /Users/user/init/myApp/10k1day/202211/1101-1110/1105/1000/sol.sol                       | Solidity   |          0 |          0 |          1 |          1 |
| /Users/user/init/myApp/10k1day/202211/1101-1110/1105/1100/sol.sol                       | Solidity   |          0 |          0 |          1 |          1 |
| /Users/user/init/myApp/10k1day/202211/1101-1110/1105/1200/sol.sol                       | Solidity   |          0 |          0 |          1 |          1 |
| /Users/user/init/myApp/10k1day/202211/1101-1110/1105/1300/sol.sol                       | Solidity   |          0 |          0 |          1 |          1 |
| /Users/user/init/myApp/10k1day/202211/1101-1110/1105/1400/sol.sol                       | Solidity   |          0 |          0 |          1 |          1 |
| /Users/user/init/myApp/10k1day/202211/1101-1110/1105/1500/sol.sol                       | Solidity   |          0 |          0 |          1 |          1 |
| /Users/user/init/myApp/10k1day/202211/1101-1110/1105/1600/sol.sol                       | Solidity   |          0 |          0 |          1 |          1 |
| /Users/user/init/myApp/10k1day/202211/1101-1110/1105/1700/sol.sol                       | Solidity   |          0 |          0 |          1 |          1 |
| /Users/user/init/myApp/10k1day/202211/1101-1110/1105/1800/sol.sol                       | Solidity   |          0 |          0 |          1 |          1 |
| /Users/user/init/myApp/10k1day/202211/1101-1110/1105/1900/sol.sol                       | Solidity   |          0 |          0 |          1 |          1 |
| /Users/user/init/myApp/10k1day/202211/1101-1110/1105/2000/sol.sol                       | Solidity   |          0 |          0 |          1 |          1 |
| /Users/user/init/myApp/10k1day/202211/1101-1110/1105/2100/sol.sol                       | Solidity   |          0 |          0 |          1 |          1 |
| /Users/user/init/myApp/10k1day/202211/1101-1110/1105/2200/sol.sol                       | Solidity   |          0 |          0 |          1 |          1 |
| /Users/user/init/myApp/10k1day/202211/1101-1110/1105/2300/sol.sol                       | Solidity   |          0 |          0 |          1 |          1 |
| /Users/user/init/myApp/10k1day/202211/1101-1110/1105/700/sol.sol                        | Solidity   |          0 |          0 |          1 |          1 |
| /Users/user/init/myApp/10k1day/202211/1101-1110/1105/800/sol.sol                        | Solidity   |          0 |          0 |          1 |          1 |
| /Users/user/init/myApp/10k1day/202211/1101-1110/1105/900/sol.sol                        | Solidity   |          0 |          0 |          1 |          1 |
| /Users/user/init/myApp/10k1day/202211/1101-1110/1105/行数.md                              | Markdown   |         16 |          0 |          0 |         16 |
| Total                                                                                   |            |    -10,834 |     -3,210 |     -2,014 |    -16,058 |
+-----------------------------------------------------------------------------------------+------------+------------+------------+------------+------------+